DREAM.CPP:Monitored_parameter_interchains_Gelman_Rubin_R_statistic
9  2.22984  2.28559  1.62778
19  1.56781  1.71255  1.25375
29  1.2994  1.55584  1.91259
39  1.22148  1.08397  1.4166
49  2.05634  1.18965  1.34322
59  2.182  1.33935  1.69698
69  1.51518  1.23604  1.65951
79  1.35615  1.27067  1.33139
89  1.21518  1.21544  1.15242
99  1.11333  1.11371  1.09324
109  1.04343  1.05088  1.0566
119  1.00285  1.02823  1.03779
129  1.00103  1.00723  1.04207
139  0.995592  0.997951  1.05129
149  0.994769  0.998708  1.03438
159  0.995413  0.999306  1.02515
169  0.996841  0.999086  1.02123
179  0.998328  0.999148  1.01479
189  0.998731  1.00047  1.01601
199  0.999223  1.00091  1.0205
209  1.00045  1.00416  1.01147
219  1.00088  1.00345  1.00473
229  1.00009  1.0023  1.00475
239  1.00057  1.00165  1.00531
249  1.0002  1.0009  1.00728
259  0.999766  1.00065  1.00257
269  0.999068  1.00048  1.00332
279  0.999173  1.00024  1.00551
289  0.999916  1.00058  1.00371
299  1.00058  1.00066  1.00569
309  1.00182  1.00147  1.00868
319  1.00198  0.999678  1.01269
329  1.0018  0.999961  1.01267
339  1.00263  1.00126  1.0115
349  1.00206  1.00164  1.00917
359  1.00179  1.00427  1.00661
369  1.00099  1.00362  1.0063
379  1.00101  1.0047  1.00841
389  1.00071  1.00514  1.00946
399  1.00149  1.00737  1.00885
409  1.0014  1.00829  1.00809
419  1.00204  1.00846  1.00626
429  1.00187  1.00556  1.00539
439  1.00226  1.00472  1.00474
449  1.00144  1.00681  1.0076
459  1.00226  1.01151  1.00801
469  1.00387  1.0125  1.01265
479  1.00542  1.0143  1.01361
489  1.00641  1.01478  1.01096
499  1.00631  1.012  1.0077
509  1.00633  1.01345  1.00661
519  1.00561  1.01164  1.00526
529  1.00636  1.00933  1.0043
539  1.00415  1.0079  1.00442
549  1.00276  1.00718  1.00307
559  1.00092  1.00578  1.00358
569  1.00065  1.00479  1.00448
579  1.00063  1.00452  1.00463
589  1.00029  1.00575  1.00473
599  1.00008  1.00562  1.0082
609  1.00007  1.00435  1.0083
619  1.00009  1.0033  1.00927
629  1.00017  1.00336  1.00971
639  0.99997  1.00286  1.01061
649  1.00013  1.002  1.00904
659  1.00027  1.00269  1.00832
669  1.00068  1.00353  1.00763
679  1.00061  1.00505  1.0083
689  1.00163  1.00488  1.00723
699  1.00186  1.00432  1.00686
709  1.0023  1.00409  1.00592
719  1.00237  1.00282  1.00632
729  1.00168  1.0016  1.00501
739  1.00196  1.0017  1.00568
749  1.00251  1.00219  1.00537
759  1.00271  1.00193  1.00622
769  1.0028  1.00123  1.00638
779  1.00307  1.00076  1.00671
789  1.00324  1.00062  1.00733
799  1.00325  1.0008  1.00687
809  1.00376  1.0013  1.00685
819  1.00361  1.00141  1.00693
829  1.00287  1.00173  1.00666
839  1.0032  1.00181  1.00799
849  1.00308  1.00263  1.00901
859  1.00294  1.00293  1.01007
869  1.00318  1.00386  1.01191
879  1.00229  1.00486  1.01248
889  1.00166  1.00492  1.01318
899  1.00214  1.00558  1.0126
909  1.00242  1.00611  1.01213
919  1.00127  1.00667  1.01108
929  1.00059  1.0075  1.01175
939  1.00032  1.00781  1.01255
949  1.0008  1.00822  1.01321
959  1.00077  1.00943  1.01285
969  1.00083  1.01048  1.01336
979  1.00047  1.01077  1.01352
989  1.00043  1.01066  1.01281
999  1.0011  1.00988  1.01193
1009  1.00185  1.01053  1.0119
1019  1.00196  1.01001  1.01082
1029  1.0024  1.00912  1.00965
1039  1.00362  1.00918  1.0088
1049  1.00435  1.00799  1.00879
1059  1.00395  1.00738  1.00876
1069  1.00357  1.00677  1.00784
1079  1.00358  1.00607  1.00794
1089  1.00357  1.00527  1.00867
1099  1.00399  1.00462  1.00914
1109  1.00399  1.00468  1.00928
1119  1.00439  1.00438  1.00932
1129  1.00361  1.00475  1.00958
1139  1.00419  1.00515  1.00843
1149  1.00371  1.005  1.00789
1159  1.00345  1.00517  1.00773
1169  1.00318  1.00641  1.00836
1179  1.00331  1.007  1.00772
1189  1.00311  1.00737  1.0075
1199  1.00309  1.00797  1.00669
1209  1.00301  1.00765  1.00595
1219  1.0029  1.00774  1.00579
1229  1.00241  1.007  1.00531
1239  1.00179  1.00639  1.00495
1249  1.00156  1.0065  1.00554
1259  1.00144  1.00724  1.00617
1269  1.00183  1.00702  1.00666
1279  1.00181  1.00517  1.00712
1289  1.00187  1.00465  1.00695
1299  1.00128  1.00468  1.00586
1309  1.00126  1.00455  1.00662
1319  1.00118  1.00467  1.00622
1329  1.00112  1.00445  1.00616
1339  1.00135  1.00352  1.00632
1349  1.00162  1.00337  1.0064
1359  1.00185  1.00333  1.00723
1369  1.00268  1.00326  1.00735
1379  1.00319  1.0041  1.00725
1389  1.00317  1.00466  1.00683
1399  1.00292  1.0042  1.00689
1409  1.00339  1.00433  1.00646
1419  1.00344  1.00456  1.00669
1429  1.0035  1.00469  1.00628
1439  1.00396  1.00482  1.00636
1449  1.00384  1.00557  1.00675
1459  1.00341  1.00606  1.00671
1469  1.00398  1.00607  1.00691
1479  1.00381  1.00622  1.00648
1489  1.0034  1.0066  1.00677
1499  1.00327  1.00602  1.00682
1509  1.00324  1.00584  1.00678
1519  1.00315  1.00577  1.00666
1529  1.00364  1.00561  1.00655
1539  1.00478  1.00551  1.00663
1549  1.00499  1.0056  1.00685
1559  1.00514  1.00525  1.00715
1569  1.00501  1.00589  1.0063
1579  1.00469  1.00619  1.00661
1589  1.00413  1.00586  1.00701
1599  1.00392  1.00588  1.00679
1609  1.00462  1.00598  1.00657
1619  1.00503  1.00629  1.00653
1629  1.00517  1.00651  1.00653
1639  1.0044  1.00614  1.00604
1649  1.00414  1.00591  1.00536
1659  1.00435  1.00594  1.00505
1669  1.00458  1.00573  1.00506
1679  1.00502  1.00563  1.00528
1689  1.00491  1.0056  1.00548
1699  1.0046  1.00526  1.00519
1709  1.00457  1.0052  1.00516
1719  1.00467  1.00563  1.00495
1729  1.00506  1.00544  1.00475
1739  1.00537  1.0049  1.00454
1749  1.00545  1.00468  1.00429
1759  1.00579  1.0045  1.00465
1769  1.00579  1.0044  1.00481
1779  1.00553  1.00422  1.00511
1789  1.0048  1.00388  1.00529
1799  1.00476  1.00335  1.0053
1809  1.00506  1.00311  1.00551
1819  1.00511  1.00291  1.00552
1829  1.00488  1.00244  1.00583
1839  1.00491  1.00227  1.00532
1849  1.00488  1.00215  1.00544
1859  1.00525  1.00224  1.00537
1869  1.00552  1.00253  1.00521
1879  1.00538  1.00277  1.00534
1889  1.00527  1.0027  1.00503
1899  1.00423  1.00269  1.00497
1909  1.00398  1.0027  1.00462
1919  1.00415  1.00256  1.00466
1929  1.00408  1.00292  1.00444
1939  1.00438  1.00386  1.00456
1949  1.00446  1.00409  1.00423
1959  1.00452  1.00392  1.00374
1969  1.00475  1.00369  1.00405
1979  1.00484  1.00412  1.00384
1989  1.0049  1.00456  1.00358
1999  1.00524  1.00435  1.00338
2009  1.00527  1.00402  1.00338
2019  1.00522  1.00375  1.00337
2029  1.00489  1.00364  1.00324
2039  1.00448  1.00318  1.00318
2049  1.00401  1.00313  1.00286
2059  1.00432  1.00277  1.00272
2069  1.0043  1.00233  1.00277
2079  1.00431  1.00244  1.00275
2089  1.0047  1.00299  1.00275
2099  1.00507  1.00306  1.00241
2109  1.00522  1.0033  1.00223
2119  1.00594  1.00318  1.00204
2129  1.0062  1.00353  1.00212
2139  1.00606  1.00339  1.00195
2149  1.00555  1.00294  1.00167
2159  1.00549  1.00261  1.00187
2169  1.00552  1.00238  1.00194
2179  1.00589  1.00208  1.00215
2189  1.00598  1.00228  1.00235
2199  1.00602  1.00202  1.00242
2209  1.00561  1.00203  1.00231
2219  1.00502  1.00185  1.00206
2229  1.00476  1.00161  1.00194
2239  1.00475  1.00162  1.00171
2249  1.00463  1.00161  1.00141
2259  1.00449  1.00141  1.0014
2269  1.00447  1.00104  1.0015
2279  1.00466  1.00091  1.00157
2289  1.00458  1.0008  1.00142
2299  1.00474  1.00105  1.00163
2309  1.0055  1.00129  1.00158
2319  1.00543  1.0014  1.00158
2329  1.00541  1.0013  1.00166
2339  1.00564  1.00147  1.00177
2349  1.00531  1.00184  1.00177
2359  1.00556  1.00164  1.0016
2369  1.00588  1.00159  1.00182
2379  1.00578  1.00148  1.00193
2389  1.00601  1.00139  1.00196
2399  1.00616  1.00126  1.00184
2409  1.00605  1.00129  1.00184
2419  1.0061  1.00136  1.0017
2429  1.0059  1.0012  1.00159
2439  1.00614  1.00125  1.00168
2449  1.00664  1.00122  1.00177
2459  1.00727  1.00136  1.00195
2469  1.00707  1.00148  1.00196
2479  1.00718  1.00131  1.002
2489  1.00681  1.00102  1.00176
2499  1.00646  1.00087  1.00165
2509  1.0059  1.00087  1.00134
2519  1.00554  1.00093  1.00111
2529  1.00521  1.00076  1.00113
2539  1.00517  1.00079  1.00141
2549  1.00505  1.0007  1.00152
2559  1.00493  1.00066  1.00136
2569  1.00493  1.00083  1.00153
2579  1.00453  1.00092  1.00157
2589  1.00407  1.00092  1.00143
2599  1.00368  1.00088  1.0015
2609  1.00357  1.00086  1.00157
2619  1.00337  1.00091  1.00149
2629  1.00331  1.00122  1.00145
2639  1.00344  1.00134  1.00136
2649  1.00338  1.00145  1.00115
2659  1.0033  1.0016  1.00113
2669  1.00311  1.00143  1.00101
2679  1.00293  1.00117  1.00098
2689  1.00314  1.00133  1.00077
2699  1.00347  1.00137  1.0008
2709  1.00368  1.00118  1.00077
2719  1.00372  1.00115  1.00073
2729  1.00395  1.00108  1.00073
2739  1.00389  1.00097  1.00077
2749  1.00365  1.00092  1.00077
2759  1.00351  1.00086  1.00079
2769  1.00325  1.00069  1.00081
2779  1.00308  1.00058  1.00086
2789  1.00307  1.00072  1.00086
2799  1.00304  1.00076  1.00088
2809  1.00317  1.00089  1.00078
2819  1.00327  1.00088  1.00072
2829  1.00327  1.00095  1.00068
2839  1.0033  1.00075  1.0008
2849  1.00345  1.00065  1.0008
2859  1.00298  1.00071  1.00096
2869  1.00302  1.00066  1.00102
2879  1.00331  1.00074  1.00095
2889  1.00366  1.00079  1.00095
2899  1.0038  1.00092  1.00118
2909  1.00354  1.00119  1.00135
2919  1.00331  1.00115  1.00148
2929  1.0035  1.00116  1.00154
2939  1.00369  1.0011  1.00151
2949  1.00367  1.00111  1.00144
2959  1.00373  1.00096  1.00162
2969  1.00389  1.00098  1.00157
2979  1.00394  1.00098  1.00153
2989  1.00393  1.00082  1.00135
2999  1.00402  1.00094  1.00143
3009  1.00416  1.00101  1.00136
3019  1.00391  1.00083  1.00126
3029  1.00374  1.00089  1.00128
3039  1.00354  1.0009  1.00109
3049  1.00343  1.00076  1.00105
3059  1.00353  1.00077  1.001
3069  1.00314  1.00075  1.00093
3079  1.0032  1.00071  1.0009
3089  1.00319  1.00074  1.00104
3099  1.00332  1.00077  1.00125
3109  1.00315  1.00093  1.00131
3119  1.00306  1.00078  1.0012
3129  1.0028  1.00085  1.00122
3139  1.00271  1.00111  1.00128
3149  1.00279  1.00124  1.00122
3159  1.00288  1.00137  1.0012
3169  1.00269  1.00135  1.00115
3179  1.00233  1.00112  1.00104
3189  1.00223  1.0011  1.00102
3199  1.00232  1.00129  1.00101
3209  1.0024  1.00117  1.00101
3219  1.00267  1.00104  1.00092
3229  1.00287  1.00099  1.00076
3239  1.00285  1.00113  1.00064
3249  1.00281  1.00116  1.00059
3259  1.00302  1.00122  1.0006
3269  1.00306  1.00131  1.00057
3279  1.0029  1.00142  1.00057
3289  1.00291  1.00146  1.00052
3299  1.00299  1.00142  1.00053
3309  1.00311  1.00149  1.00047
3319  1.00293  1.00138  1.00043
3329  1.00291  1.00134  1.00044
3339  1.00291  1.00149  1.00049
3349  1.00283  1.0016  1.00058
3359  1.00265  1.00157  1.00065
3369  1.00274  1.0015  1.00072
3379  1.00267  1.00147  1.00075
3389  1.00258  1.00164  1.00082
3399  1.00265  1.00182  1.00077
3409  1.00264  1.002  1.00082
3419  1.0025  1.0019  1.00088
3429  1.00243  1.00199  1.00102
3439  1.00219  1.00219  1.00107
3449  1.00222  1.00206  1.00101
3459  1.00226  1.00219  1.00098
3469  1.00239  1.0023  1.00103
3479  1.00206  1.00239  1.00094
3489  1.00206  1.00263  1.0011
3499  1.00189  1.0029  1.00124
3509  1.00175  1.00325  1.0014
3519  1.00178  1.00318  1.00147
3529  1.00176  1.00324  1.00143
3539  1.00176  1.00323  1.00143
3549  1.00181  1.00326  1.00148
3559  1.00189  1.00321  1.00145
3569  1.00209  1.00326  1.00154
3579  1.00228  1.00324  1.00138
3589  1.00233  1.00318  1.00146
3599  1.00246  1.00305  1.00151
3609  1.00262  1.00311  1.00159
3619  1.00277  1.00309  1.00163
3629  1.00292  1.00273  1.0017
3639  1.00315  1.00271  1.00176
3649  1.00303  1.0026  1.00173
3659  1.00281  1.00259  1.00172
3669  1.00256  1.00248  1.00185
3679  1.00238  1.00249  1.00193
3689  1.00226  1.00246  1.00199
3699  1.00234  1.0025  1.00191
3709  1.00244  1.00261  1.00199
3719  1.00262  1.00267  1.00203
3729  1.00257  1.00251  1.00205
3739  1.00271  1.00238  1.00201
3749  1.00257  1.00229  1.00196
3759  1.00259  1.00232  1.00206
3769  1.00239  1.00241  1.00217
3779  1.00219  1.00242  1.00229
3789  1.0021  1.00259  1.0023
3799  1.00195  1.00245  1.00235
3809  1.00192  1.00244  1.00224
3819  1.00188  1.00272  1.00221
3829  1.00205  1.00304  1.00212
3839  1.00205  1.00325  1.00209
3849  1.00206  1.00329  1.00203
3859  1.00187  1.00323  1.00203
3869  1.00175  1.00321  1.00198
3879  1.00167  1.00297  1.00203
3889  1.00163  1.00295  1.00204
3899  1.00162  1.00317  1.00212
3909  1.00177  1.00326  1.00217
3919  1.00181  1.00323  1.00219
3929  1.00176  1.00327  1.0023
3939  1.00169  1.00342  1.00233
3949  1.00159  1.00349  1.00232
3959  1.00163  1.00381  1.00236
3969  1.00169  1.00388  1.00238
3979  1.00167  1.0041  1.00241
3989  1.00171  1.00407  1.00239
3999  1.00181  1.00401  1.0024
4009  1.00187  1.00375  1.00236
4019  1.00189  1.00366  1.00226
4029  1.00182  1.00365  1.00227
4039  1.00175  1.00373  1.00215
4049  1.00173  1.00368  1.00217
4059  1.0017  1.00357  1.00218
4069  1.0017  1.00354  1.00222
4079  1.00172  1.00375  1.00228
4089  1.00174  1.00381  1.00241
4099  1.00178  1.00369  1.00237
4109  1.00175  1.0033  1.00239
4119  1.00162  1.00323  1.00236
4129  1.00155  1.00321  1.00235
4139  1.00154  1.0032  1.00234
4149  1.00144  1.0033  1.00246
4159  1.00149  1.00332  1.00251
4169  1.00157  1.00352  1.0026
4179  1.00154  1.00354  1.00239
4189  1.00173  1.0033  1.00221
4199  1.00184  1.00332  1.00228
4209  1.002  1.00327  1.00221
4219  1.0021  1.00343  1.00209
4229  1.00212  1.0034  1.002
4239  1.00207  1.00351  1.00194
4249  1.00201  1.00359  1.00191
4259  1.00202  1.00361  1.00171
4269  1.00202  1.00365  1.00175
4279  1.002  1.00366  1.0018
4289  1.00181  1.00361  1.00182
4299  1.00179  1.0033  1.00179
4309  1.00176  1.00308  1.00159
4319  1.00163  1.00297  1.00154
4329  1.00165  1.00288  1.00149
4339  1.00171  1.00288  1.00144
4349  1.00175  1.00291  1.00142
4359  1.0017  1.00291  1.00135
4369  1.00167  1.00311  1.0013
4379  1.00165  1.00303  1.00126
4389  1.0016  1.00306  1.00138
4399  1.00168  1.00283  1.0014
4409  1.00175  1.0028  1.00146
4419  1.00178  1.00263  1.00146
4429  1.00169  1.00251  1.00142
4439  1.00163  1.00248  1.00155
4449  1.00152  1.00238  1.00154
4459  1.00147  1.00216  1.00157
4469  1.00142  1.00207  1.00147
4479  1.00131  1.00217  1.0014
4489  1.00121  1.0021  1.00149
4499  1.00107  1.00202  1.00147
4509  1.00104  1.00199  1.00146
4519  1.00108  1.00184  1.00144
4529  1.00118  1.0017  1.00128
4539  1.00127  1.00171  1.00121
4549  1.00118  1.0018  1.00118
4559  1.00123  1.00176  1.00116
4569  1.00122  1.00193  1.00117
4579  1.00125  1.00191  1.00114
4589  1.00129  1.0018  1.00116
4599  1.00131  1.00165  1.00114
4609  1.00131  1.00166  1.00119
4619  1.00128  1.00168  1.00118
4629  1.00121  1.00165  1.00113
4639  1.00115  1.00146  1.00109
4649  1.00121  1.0014  1.00105
4659  1.0012  1.00131  1.00111
4669  1.0013  1.00126  1.00112
4679  1.00134  1.00135  1.00101
4689  1.00137  1.00139  1.00106
4699  1.00142  1.00146  1.00108
4709  1.00138  1.0014  1.00105
4719  1.00138  1.0015  1.00102
4729  1.00135  1.00153  1.00101
4739  1.00138  1.00148  1.00106
4749  1.00138  1.00141  1.00108
4759  1.00129  1.00142  1.00104
4769  1.00121  1.00135  1.00104
4779  1.00112  1.00137  1.00106
4789  1.0011  1.00137  1.00103
4799  1.00114  1.00131  1.00109
4809  1.00123  1.00135  1.00104
4819  1.00129  1.00121  1.00105
4829  1.00131  1.00118  1.00105
4839  1.0013  1.00112  1.0011
4849  1.00122  1.00119  1.00107
4859  1.00107  1.00126  1.00118
4869  1.00106  1.0013  1.00124
4879  1.00108  1.00132  1.00133
4889  1.00109  1.00135  1.00133
4899  1.00114  1.00127  1.00148
4909  1.00128  1.0013  1.00154
4919  1.00125  1.0014  1.00156
4929  1.00135  1.00158  1.0015
4939  1.00135  1.00174  1.00151
4949  1.00118  1.00183  1.0015
4959  1.00112  1.00178  1.00147
4969  1.00102  1.00171  1.00146
4979  1.0009  1.00159  1.00148
4989  1.00086  1.00156  1.00153
4999  1.00082  1.00143  1.00152
5009  1.00076  1.00137  1.00152
5019  1.00077  1.00143  1.00153
5029  1.0008  1.00143  1.00153
5039  1.00081  1.00136  1.00151
5049  1.00078  1.00135  1.00144
5059  1.00074  1.00139  1.00135
5069  1.00082  1.00144  1.00134
5079  1.00093  1.00144  1.00135
5089  1.00106  1.00147  1.00129
5099  1.0011  1.00156  1.00127
5109  1.00112  1.00158  1.00135
5119  1.00124  1.00163  1.00133
5129  1.00127  1.00175  1.00135
5139  1.00131  1.00184  1.00141
5149  1.00132  1.00185  1.00141
5159  1.00133  1.00186  1.00146
5169  1.00128  1.00179  1.00154
5179  1.00121  1.00193  1.00156
5189  1.00121  1.00194  1.00156
5199  1.00124  1.00199  1.00164
5209  1.00121  1.002  1.00155
5219  1.00139  1.00207  1.00159
5229  1.00145  1.00204  1.00153
5239  1.00153  1.00213  1.00143
5249  1.0016  1.00221  1.00134
5259  1.00179  1.00212  1.00131
5269  1.0019  1.00205  1.00132
5279  1.00204  1.00213  1.00123
5289  1.0021  1.00221  1.00112
5299  1.00196  1.00226  1.00112
5309  1.00186  1.00225  1.00112
5319  1.00169  1.00233  1.00107
5329  1.00166  1.00232  1.00109
5339  1.00163  1.00241  1.00109
5349  1.0016  1.0024  1.00115
5359  1.00156  1.00246  1.00115
5369  1.0015  1.00248  1.00113
5379  1.00146  1.00261  1.00104
5389  1.00144  1.00255  1.00107
5399  1.00148  1.00259  1.00105
5409  1.00153  1.00253  1.00102
5419  1.00152  1.00247  1.00103
5429  1.0015  1.00254  1.00111
5439  1.00148  1.00253  1.00109
5449  1.00141  1.00242  1.00108
5459  1.00132  1.00245  1.00108
5469  1.00132  1.00236  1.00108
5479  1.0012  1.00232  1.00102
5489  1.00114  1.00237  1.00098
5499  1.00111  1.00246  1.00098
5509  1.00117  1.00241  1.00089
5519  1.00127  1.00242  1.00086
5529  1.00132  1.0024  1.00085
5539  1.00138  1.00234  1.00089
5549  1.00134  1.00216  1.00094
5559  1.00136  1.00217  1.00094
5569  1.00131  1.00213  1.00091
5579  1.00116  1.00202  1.00092
5589  1.00099  1.00196  1.00097
5599  1.00106  1.00199  1.001
5609  1.00107  1.00193  1.00097
5619  1.00114  1.00193  1.00107
5629  1.00122  1.00183  1.00106
5639  1.00125  1.00188  1.00102
5649  1.00126  1.0019  1.00106
5659  1.00134  1.0019  1.00104
5669  1.00136  1.00198  1.00104
5679  1.00136  1.00189  1.00101
5689  1.00125  1.00182  1.00099
5699  1.00123  1.00186  1.00093
5709  1.00121  1.00185  1.00098
5719  1.00124  1.00177  1.00096
5729  1.00119  1.00174  1.00085
5739  1.00118  1.00168  1.00085
5749  1.00117  1.00172  1.00086
5759  1.00103  1.00168  1.00095
5769  1.00095  1.00165  1.00099
5779  1.00089  1.0016  1.00097
5789  1.00072  1.00139  1.00099
5799  1.00065  1.00129  1.00096
5809  1.00061  1.0013  1.00099
5819  1.00062  1.00131  1.00097
5829  1.00058  1.0014  1.001
5839  1.00059  1.00144  1.00104
5849  1.00055  1.00142  1.0011
5859  1.00049  1.00149  1.00112
5869  1.00047  1.00153  1.00111
5879  1.00053  1.00156  1.00111
5889  1.00055  1.00156  1.00112
5899  1.00047  1.00153  1.00113
5909  1.00042  1.00154  1.00107
5919  1.00039  1.0015  1.00112
5929  1.00031  1.00147  1.00116
5939  1.00022  1.00147  1.00113
5949  1.00022  1.00143  1.00108
5959  1.00018  1.00145  1.00103
5969  1.00013  1.00139  1.00104
5979  1.00012  1.00134  1.00104
5989  1.0001  1.00139  1.001
5999  1.00006  1.00141  1.001
6009  1.00005  1.00138  1.00104
6019  1.00008  1.00142  1.00105
6029  1.00009  1.00142  1.00106
6039  1.00012  1.00141  1.00102
6049  1.00013  1.00133  1.001
6059  1.00013  1.0012  1.00097
6069  1.00006  1.00119  1.00101
6079  1.00005  1.00114  1.00105
6089  1.00006  1.00102  1.00108
6099  1.00005  1.00089  1.00107
6109  1.00007  1.00087  1.00104
6119  1.00007  1.00087  1.00106
6129  1.00007  1.00092  1.00106
6139  1.00005  1.00088  1.00109
6149  1.00004  1.00085  1.00107
6159  1.00004  1.00084  1.00113
6169  1.00005  1.00087  1.0011
6179  1.00007  1.00084  1.0011
6189  1.00008  1.00085  1.00112
6199  1.00006  1.00083  1.00117
6209  1.00008  1.00082  1.00123
6219  1.00007  1.00077  1.00124
6229  1.00009  1.00077  1.0012
6239  1.0001  1.00083  1.00118
6249  1.00013  1.00085  1.00112
6259  1.00013  1.00083  1.00113
6269  1.00013  1.00085  1.00106
6279  1.00016  1.00084  1.00103
6289  1.00022  1.00085  1.00095
6299  1.00021  1.00087  1.00091
6309  1.00021  1.00085  1.00092
6319  1.00016  1.00074  1.00085
6329  1.00016  1.00068  1.0008
6339  1.00018  1.0007  1.00077
6349  1.00023  1.00074  1.00077
6359  1.00024  1.00074  1.00074
6369  1.00024  1.00077  1.00069
6379  1.00026  1.0008  1.00068
6389  1.00025  1.00083  1.00062
6399  1.00023  1.00087  1.00058
6409  1.00019  1.00078  1.00056
6419  1.00017  1.0007  1.00058
6429  1.00014  1.00067  1.00054
6439  1.00014  1.00067  1.00053
6449  1.00015  1.00062  1.00054
6459  1.00016  1.00059  1.00058
6469  1.00017  1.00051  1.00063
6479  1.00018  1.00048  1.00065
6489  1.00024  1.00047  1.00069
6499  1.00028  1.00054  1.00067
6509  1.00028  1.00053  1.00066
6519  1.0003  1.00057  1.00066
6529  1.00031  1.0006  1.00066
6539  1.0003  1.00061  1.00062
6549  1.00033  1.00067  1.00062
6559  1.00029  1.00069  1.00059
6569  1.0003  1.00072  1.00058
6579  1.00031  1.00072  1.00059
6589  1.0003  1.00064  1.00057
6599  1.00031  1.00062  1.0006
6609  1.00032  1.00059  1.00061
6619  1.00032  1.00057  1.0006
6629  1.00033  1.00054  1.00064
6639  1.00032  1.00052  1.00067
6649  1.00034  1.00053  1.00069
6659  1.00037  1.00057  1.0007
6669  1.00038  1.00055  1.00072
6679  1.00037  1.00055  1.00073
6689  1.00034  1.00052  1.00064
6699  1.00035  1.00052  1.00064
6709  1.00036  1.00051  1.00068
6719  1.0004  1.0005  1.00072
6729  1.00045  1.00047  1.00072
6739  1.00048  1.00049  1.00066
6749  1.00047  1.00049  1.00065
6759  1.00052  1.00052  1.00063
6769  1.00054  1.00054  1.00062
6779  1.00059  1.00052  1.00062
6789  1.00063  1.00048  1.00058
6799  1.00057  1.00048  1.00057
6809  1.00058  1.00044  1.00059
6819  1.00054  1.00039  1.00056
6829  1.00054  1.00041  1.00053
6839  1.00055  1.00045  1.00056
6849  1.00053  1.00044  1.00055
6859  1.00052  1.00042  1.00052
6869  1.00051  1.00041  1.00047
6879  1.0005  1.00042  1.00041
6889  1.00051  1.00041  1.00042
6899  1.00052  1.0004  1.00045
6909  1.00052  1.0004  1.00047
6919  1.00055  1.00048  1.00047
6929  1.00055  1.00047  1.00048
6939  1.0005  1.00046  1.00045
6949  1.00051  1.00051  1.00048
6959  1.00058  1.00052  1.00055
6969  1.00067  1.00052  1.0006
6979  1.00071  1.00053  1.00056
6989  1.00073  1.00054  1.0006
6999  1.00079  1.00053  1.00059
7009  1.00079  1.00056  1.00059
7019  1.00082  1.00056  1.00061
7029  1.00091  1.00055  1.00065
7039  1.00099  1.00054  1.00067
7049  1.00099  1.00052  1.00068
7059  1.00092  1.00049  1.00066
7069  1.00088  1.00048  1.00065
7079  1.00091  1.00048  1.00061
7089  1.0009  1.00051  1.00057
7099  1.00086  1.0005  1.00054
7109  1.00083  1.00051  1.00052
7119  1.00084  1.00054  1.00056
7129  1.0008  1.00056  1.00058
7139  1.00086  1.00051  1.00055
7149  1.00083  1.00047  1.00058
7159  1.00075  1.00048  1.0006
7169  1.00068  1.00051  1.00061
7179  1.00068  1.00051  1.0006
7189  1.00066  1.00051  1.00059
7199  1.00069  1.00049  1.00058
7209  1.00063  1.00047  1.00056
7219  1.00059  1.00047  1.0005
7229  1.0006  1.0004  1.00054
7239  1.00061  1.00039  1.00055
7249  1.00059  1.00036  1.0006
7259  1.00057  1.0003  1.00061
7269  1.00058  1.00029  1.00065
7279  1.00057  1.00029  1.00067
7289  1.00056  1.00034  1.0007
7299  1.00056  1.00036  1.00069
7309  1.00055  1.00035  1.00072
7319  1.00059  1.00036  1.0007
7329  1.0006  1.00033  1.00071
7339  1.00058  1.00031  1.00075
7349  1.00055  1.00029  1.00079
7359  1.00056  1.00031  1.00074
7369  1.00057  1.00033  1.00074
7379  1.00059  1.00034  1.00075
7389  1.00067  1.00033  1.0008
7399  1.00065  1.00029  1.0008
7409  1.00063  1.00028  1.00079
7419  1.00062  1.00032  1.00078
7429  1.00062  1.00036  1.00078
7439  1.00058  1.00037  1.00076
7449  1.00056  1.00034  1.00075
7459  1.00056  1.00036  1.00076
7469  1.00057  1.00037  1.00078
7479  1.00055  1.00036  1.00076
7489  1.00057  1.00038  1.00078
7499  1.0006  1.00039  1.00077
7509  1.00063  1.00043  1.00074
7519  1.00061  1.00048  1.0007
7529  1.00054  1.00052  1.00071
7539  1.00054  1.00057  1.00077
7549  1.0005  1.00062  1.00078
7559  1.00053  1.00066  1.00073
7569  1.00054  1.00064  1.00074
7579  1.00055  1.00062  1.00074
7589  1.00054  1.00062  1.00075
7599  1.00056  1.00061  1.00071
7609  1.00057  1.00065  1.00074
7619  1.0006  1.00069  1.00076
7629  1.00064  1.00069  1.00078
7639  1.00067  1.00073  1.00081
7649  1.00072  1.00076  1.00081
7659  1.00073  1.00075  1.0008
7669  1.00079  1.0008  1.00084
7679  1.00088  1.00081  1.00078
7689  1.00091  1.00083  1.00076
7699  1.00088  1.00088  1.00074
7709  1.00082  1.00095  1.00072
7719  1.00083  1.00097  1.00067
7729  1.00081  1.00096  1.00071
7739  1.0008  1.00096  1.00066
7749  1.00081  1.00095  1.00066
7759  1.00075  1.00092  1.00066
7769  1.00073  1.00093  1.00067
7779  1.00076  1.0009  1.00066
7789  1.00078  1.00087  1.00062
7799  1.00089  1.00082  1.00059
7809  1.00092  1.00079  1.00057
7819  1.00093  1.00075  1.00059
7829  1.00089  1.00069  1.00058
7839  1.00086  1.00067  1.00058
7849  1.00081  1.00061  1.00057
7859  1.00077  1.00063  1.00062
7869  1.00071  1.00071  1.0006
7879  1.00068  1.00074  1.00059
7889  1.00066  1.00071  1.0006
7899  1.0007  1.00071  1.0006
7909  1.0007  1.00072  1.0006
7919  1.00069  1.00071  1.00057
7929  1.00067  1.00073  1.00054
7939  1.00066  1.00072  1.00054
7949  1.00068  1.00073  1.00055
7959  1.00068  1.00076  1.00054
7969  1.0007  1.00076  1.00055
7979  1.00069  1.00076  1.00058
7989  1.00065  1.00078  1.00061
7999  1.00069  1.00072  1.00056
8009  1.00073  1.00069  1.00054
8019  1.00074  1.00067  1.00054
8029  1.00071  1.00064  1.00054
8039  1.00073  1.00063  1.00053
8049  1.00069  1.00062  1.00057
8059  1.00067  1.0006  1.00054
8069  1.00068  1.00063  1.00056
8079  1.00066  1.00063  1.00057
8089  1.00061  1.0006  1.00059
8099  1.0006  1.00058  1.00055
8109  1.00061  1.00059  1.00055
8119  1.00064  1.00061  1.00055
8129  1.00063  1.00063  1.00052
8139  1.00068  1.00062  1.00055
8149  1.00064  1.00058  1.00054
8159  1.00062  1.00058  1.00054
8169  1.0006  1.00059  1.00051
8179  1.00065  1.00063  1.00053
8189  1.0007  1.00068  1.00053
8199  1.00074  1.00073  1.00054
8209  1.0007  1.0007  1.00054
8219  1.00071  1.00069  1.00052
8229  1.00067  1.00069  1.00051
8239  1.00064  1.00068  1.00052
8249  1.0006  1.00066  1.00052
8259  1.00065  1.00071  1.00049
8269  1.00068  1.00073  1.00049
8279  1.00069  1.00068  1.00048
8289  1.00071  1.00066  1.00048
8299  1.00074  1.00064  1.00047
8309  1.00078  1.00063  1.00046
8319  1.00079  1.00058  1.00045
8329  1.00078  1.00058  1.00045
8339  1.00079  1.00057  1.00051
8349  1.00082  1.00058  1.00053
8359  1.00078  1.00055  1.00051
8369  1.00078  1.00054  1.00052
8379  1.00076  1.00055  1.00051
8389  1.00071  1.00054  1.0005
8399  1.00072  1.00054  1.00051
8409  1.00075  1.00058  1.00054
8419  1.00076  1.00056  1.00057
8429  1.00079  1.00058  1.0006
8439  1.00077  1.00065  1.00064
8449  1.00081  1.00063  1.00068
8459  1.00085  1.00066  1.00065
8469  1.00085  1.00068  1.00062
8479  1.00087  1.00069  1.00059
8489  1.0009  1.00069  1.00055
8499  1.00089  1.00069  1.00053
8509  1.00089  1.00069  1.00055
8519  1.00087  1.00067  1.00055
8529  1.00084  1.00069  1.00055
8539  1.0009  1.00067  1.00052
8549  1.00092  1.00059  1.00051
8559  1.00093  1.00059  1.00049
8569  1.00091  1.00061  1.0005
8579  1.00093  1.00062  1.00051
8589  1.00097  1.00063  1.00054
8599  1.001  1.0006  1.00054
8609  1.00106  1.00061  1.00055
8619  1.00102  1.00065  1.00053
8629  1.00099  1.00067  1.0005
8639  1.00097  1.00065  1.0005
8649  1.00099  1.00064  1.00051
8659  1.00105  1.0006  1.00046
8669  1.00108  1.00058  1.00046
8679  1.0011  1.00061  1.00046
8689  1.00111  1.00061  1.00049
8699  1.00107  1.00063  1.00048
8709  1.00111  1.00062  1.00046
8719  1.00119  1.0006  1.00046
8729  1.00125  1.0006  1.00046
8739  1.00128  1.00064  1.00049
8749  1.00125  1.00066  1.00047
8759  1.00126  1.00067  1.00048
8769  1.00126  1.00066  1.00045
8779  1.0013  1.00063  1.00043
8789  1.00132  1.00061  1.00041
8799  1.00128  1.00057  1.00041
8809  1.00127  1.00056  1.00041
8819  1.00125  1.00051  1.00043
8829  1.00129  1.00049  1.00043
8839  1.00132  1.00052  1.00045
8849  1.00132  1.00055  1.00044
8859  1.00131  1.00054  1.00044
8869  1.00128  1.00051  1.00045
8879  1.0013  1.0005  1.00047
8889  1.00133  1.00047  1.00046
8899  1.00134  1.00046  1.00048
8909  1.00137  1.00045  1.00047
8919  1.00145  1.00046  1.00047
8929  1.00151  1.0005  1.00047
8939  1.00153  1.00047  1.00048
8949  1.00157  1.00046  1.00048
8959  1.00158  1.00046  1.00049
8969  1.00157  1.00046  1.00049
8979  1.00157  1.00047  1.00048
8989  1.00156  1.00048  1.00048
8999  1.00147  1.00046  1.00046
9009  1.00145  1.00046  1.00046
9019  1.00143  1.00045  1.00045
9029  1.00135  1.00042  1.00046
9039  1.00132  1.0004  1.00048
9049  1.00133  1.0004  1.00048
9059  1.00136  1.0004  1.00051
9069  1.00138  1.0004  1.00052
9079  1.00138  1.00043  1.0005
9089  1.0014  1.00042  1.0005
9099  1.00145  1.00038  1.00048
9109  1.00152  1.00037  1.00047
9119  1.00148  1.00036  1.00045
9129  1.00145  1.00037  1.00043
9139  1.00144  1.00038  1.00043
9149  1.00141  1.00036  1.00043
9159  1.0013  1.00036  1.00043
9169  1.00128  1.00036  1.00046
9179  1.00131  1.00035  1.00047
9189  1.00133  1.00034  1.00049
9199  1.00134  1.00033  1.00051
9209  1.00131  1.00035  1.0005
9219  1.00129  1.00039  1.00047
9229  1.00132  1.00043  1.00046
9239  1.00131  1.00042  1.00049
9249  1.00128  1.00041  1.0005
9259  1.00123  1.00041  1.00051
9269  1.00119  1.00043  1.00051
9279  1.00112  1.00045  1.00051
9289  1.00108  1.00047  1.00053
9299  1.00115  1.00048  1.00055
9309  1.00119  1.00047  1.00055
9319  1.00115  1.00046  1.00057
9329  1.00117  1.00046  1.00057
9339  1.00119  1.00045  1.00058
9349  1.00119  1.00046  1.00056
9359  1.00118  1.00047  1.00051
9369  1.00113  1.00045  1.00049
9379  1.00108  1.00042  1.00047
9389  1.00106  1.00044  1.00043
9399  1.00103  1.00046  1.00042
9409  1.00099  1.00048  1.00042
9419  1.001  1.00048  1.00044
9429  1.00104  1.00049  1.00045
9439  1.00107  1.00048  1.00046
9449  1.00105  1.00044  1.00044
9459  1.00106  1.0004  1.00042
9469  1.00106  1.00033  1.00041
9479  1.00102  1.00033  1.00037
9489  1.00096  1.00036  1.00037
9499  1.00088  1.00038  1.00034
9509  1.00079  1.00035  1.00033
9519  1.00074  1.00034  1.00032
9529  1.00069  1.00034  1.00032
9539  1.00066  1.00034  1.00031
9549  1.00067  1.00033  1.00032
9559  1.00071  1.00034  1.00031
9569  1.00073  1.00037  1.00031
9579  1.00074  1.00038  1.00032
9589  1.00073  1.00036  1.00031
9599  1.00075  1.0004  1.0003
9609  1.00077  1.00042  1.0003
9619  1.00077  1.00042  1.00028
9629  1.00077  1.00043  1.00028
9639  1.00075  1.00043  1.00026
9649  1.00075  1.00039  1.00024
9659  1.00076  1.00041  1.00023
9669  1.00076  1.0004  1.00021
9679  1.00077  1.00039  1.00018
9689  1.00078  1.00038  1.00017
9699  1.00076  1.00036  1.00018
9709  1.00076  1.00033  1.0002
9719  1.00078  1.00035  1.00018
9729  1.00074  1.00035  1.00017
9739  1.00068  1.00035  1.00017
9749  1.00066  1.00036  1.00017
9759  1.00063  1.0004  1.00015
9769  1.0006  1.00045  1.00017
9779  1.00061  1.00046  1.00018
9789  1.00064  1.00046  1.00017
9799  1.00065  1.00041  1.00016
9809  1.00065  1.00041  1.00015
9819  1.00062  1.00041  1.00014
9829  1.00063  1.00043  1.00015
9839  1.00059  1.00045  1.00013
9849  1.00057  1.00047  1.00012
9859  1.00056  1.00048  1.00011
9869  1.00053  1.0005  1.0001
9879  1.00053  1.00049  1.00009
9889  1.00057  1.00052  1.0001
9899  1.00057  1.00054  1.00009
9909  1.00057  1.00058  1.00007
9919  1.00054  1.0006  1.00005
9929  1.00052  1.0006  1.00004
9939  1.00053  1.00063  1.00004
9949  1.0005  1.00067  1.00004
9959  1.00049  1.00068  1.00005
9969  1.00047  1.00072  1.00005
9979  1.00042  1.00074  1.00004
9989  1.0004  1.00076  1.00004
9999  1.00043  1.00075  1.00004
10009  1.00042  1.00074  1.00004
10019  1.00044  1.00075  1.00004
10029  1.00046  1.00077  1.00005
10039  1.00046  1.00073  1.00004
10049  1.00049  1.00075  1.00004
10059  1.00054  1.00072  1.00004
10069  1.00057  1.00073  1.00004
10079  1.00056  1.00078  1.00005
10089  1.00057  1.00079  1.00008
10099  1.00057  1.00078  1.00009
10109  1.00057  1.00081  1.00008
10119  1.00058  1.00078  1.00007
10129  1.00057  1.00078  1.00008
10139  1.00054  1.0008  1.00006
10149  1.00053  1.0008  1.00005
10159  1.00053  1.0008  1.00004
10169  1.00055  1.00079  1.00003
10179  1.00058  1.00077  1.00004
10189  1.00058  1.00077  1.00005
10199  1.00058  1.00076  1.00008
10209  1.00056  1.00073  1.00008
10219  1.00055  1.00072  1.00008
10229  1.00053  1.00072  1.00009
10239  1.00051  1.00071  1.00009
10249  1.00051  1.00071  1.00009
10259  1.00048  1.0007  1.00008
10269  1.00044  1.00072  1.00008
10279  1.00046  1.00073  1.00008
10289  1.00047  1.00068  1.00008
10299  1.00048  1.00061  1.00007
10309  1.00047  1.00056  1.00007
10319  1.00051  1.00054  1.00006
10329  1.00054  1.00056  1.00006
10339  1.00055  1.00056  1.00008
10349  1.00057  1.00054  1.00007
10359  1.00059  1.00054  1.00008
10369  1.00063  1.00049  1.00008
10379  1.00062  1.00047  1.00007
10389  1.00063  1.0005  1.00008
10399  1.00063  1.0005  1.00006
10409  1.00061  1.00052  1.00006
10419  1.0006  1.00055  1.00008
10429  1.00059  1.00054  1.00007
10439  1.00059  1.00052  1.00006
10449  1.00059  1.0005  1.00007
10459  1.00058  1.00053  1.00007
10469  1.00058  1.00054  1.00007
10479  1.00062  1.00056  1.00008
10489  1.00063  1.00056  1.00007
10499  1.00062  1.00055  1.00007
10509  1.00064  1.00056  1.00007
10519  1.00066  1.00055  1.00008
10529  1.00064  1.00053  1.00009
10539  1.00059  1.00051  1.00009
10549  1.00058  1.00048  1.00008
10559  1.0006  1.00047  1.00009
10569  1.00061  1.00047  1.0001
10579  1.00063  1.00049  1.0001
10589  1.00064  1.00049  1.00009
10599  1.00064  1.00053  1.00011
10609  1.00063  1.00056  1.00011
10619  1.00062  1.00059  1.0001
10629  1.00058  1.00059  1.0001
10639  1.00054  1.00063  1.00011
10649  1.00051  1.00065  1.00012
10659  1.00048  1.00065  1.00011
10669  1.00046  1.00067  1.0001
10679  1.00044  1.00069  1.00013
10689  1.00043  1.00071  1.00012
10699  1.00043  1.00071  1.00013
10709  1.00044  1.00073  1.00014
10719  1.00042  1.00079  1.00013
10729  1.00041  1.00082  1.00011
10739  1.00043  1.00084  1.00013
10749  1.00042  1.00085  1.00014
10759  1.00042  1.00085  1.00013
10769  1.00041  1.00085  1.00015
10779  1.00042  1.00088  1.00015
10789  1.00042  1.0009  1.00014
10799  1.00041  1.00087  1.00013
10809  1.00041  1.00089  1.00014
10819  1.00042  1.00092  1.00011
10829  1.00042  1.00096  1.00011
10839  1.00044  1.00099  1.00011
10849  1.00044  1.00101  1.00011
10859  1.00044  1.00106  1.0001
10869  1.00041  1.00105  1.0001
10879  1.00038  1.00109  1.00008
10889  1.00036  1.00108  1.00007
10899  1.00036  1.00108  1.00007
10909  1.00038  1.00105  1.00008
10919  1.00038  1.00108  1.00009
10929  1.00039  1.00108  1.00012
10939  1.00042  1.00112  1.00012
10949  1.00044  1.00111  1.00012
10959  1.00046  1.00109  1.00012
10969  1.00048  1.00112  1.00012
10979  1.00049  1.00116  1.00012
10989  1.00048  1.00116  1.00013
10999  1.0005  1.00116  1.00013
11009  1.0005  1.00113  1.00013
11019  1.00047  1.00116  1.00014
11029  1.00045  1.00115  1.00014
11039  1.00046  1.00113  1.00013
11049  1.00045  1.00112  1.00013
11059  1.00045  1.00109  1.00014
11069  1.00045  1.00108  1.00014
11079  1.00044  1.00112  1.00014
11089  1.00043  1.00109  1.00014
11099  1.00046  1.00107  1.00014
11109  1.00044  1.00109  1.00013
11119  1.00046  1.00108  1.00013
11129  1.00042  1.00107  1.00012
11139  1.00045  1.00108  1.00012
11149  1.00045  1.00107  1.00013
11159  1.00045  1.0011  1.00013
11169  1.00044  1.00109  1.0001
11179  1.00039  1.00107  1.00011
11189  1.00037  1.00105  1.0001
11199  1.00034  1.00099  1.0001
11209  1.00033  1.00096  1.00011
11219  1.00034  1.00095  1.00011
11229  1.00035  1.00098  1.00011
11239  1.00033  1.00099  1.0001
11249  1.00028  1.001  1.0001
11259  1.00024  1.00095  1.0001
11269  1.00023  1.00092  1.00009
11279  1.00022  1.00096  1.0001
11289  1.00021  1.00099  1.00009
11299  1.00018  1.00103  1.00009
11309  1.00017  1.00103  1.00008
11319  1.00014  1.00101  1.00009
11329  1.00013  1.00099  1.00009
11339  1.00012  1.00095  1.00009
11349  1.00013  1.00094  1.0001
11359  1.00012  1.00093  1.0001
11369  1.00012  1.00093  1.0001
11379  1.00013  1.00093  1.0001
11389  1.00012  1.00097  1.0001
11399  1.00013  1.00096  1.0001
11409  1.00013  1.00094  1.0001
11419  1.00014  1.00095  1.00011
11429  1.00014  1.00095  1.00013
11439  1.00014  1.00093  1.00013
11449  1.00012  1.00089  1.00014
11459  1.00012  1.00085  1.00013
11469  1.00011  1.00083  1.00013
11479  1.00012  1.00081  1.00013
11489  1.00014  1.00077  1.00013
11499  1.00015  1.00075  1.00014
11509  1.00015  1.00078  1.00013
11519  1.00013  1.00078  1.00013
11529  1.0001  1.00077  1.00013
11539  1.00011  1.00077  1.00012
11549  1.00011  1.00078  1.00012
11559  1.0001  1.00081  1.00011
11569  1.0001  1.00079  1.00012
11579  1.00011  1.00073  1.00014
11589  1.00011  1.00068  1.00014
11599  1.0001  1.00069  1.00016
11609  1.00008  1.00069  1.00016
11619  1.00008  1.0007  1.00016
11629  1.00008  1.00071  1.00016
11639  1.00009  1.00073  1.00018
11649  1.00008  1.00074  1.00019
11659  1.00008  1.00075  1.00019
11669  1.00008  1.00076  1.00018
11679  1.00008  1.00078  1.00018
11689  1.00009  1.0008  1.00018
11699  1.00009  1.00078  1.00016
11709  1.00009  1.0008  1.00015
11719  1.0001  1.0008  1.00015
11729  1.00011  1.00081  1.00017
11739  1.00013  1.00082  1.00018
11749  1.00013  1.00086  1.00017
11759  1.00014  1.00089  1.00016
11769  1.00013  1.00094  1.00015
11779  1.00012  1.00099  1.00016
11789  1.00012  1.00103  1.00015
11799  1.00013  1.00102  1.00016
11809  1.00013  1.00106  1.00015
11819  1.00014  1.0011  1.00014
11829  1.00014  1.00115  1.00014
11839  1.00012  1.00116  1.00014
11849  1.00012  1.00117  1.00013
11859  1.00014  1.00114  1.00013
11869  1.00015  1.00114  1.00013
11879  1.00016  1.00115  1.00012
11889  1.00016  1.00112  1.00012
11899  1.00015  1.00113  1.00013
11909  1.00013  1.00111  1.00011
11919  1.00011  1.00115  1.0001
11929  1.00011  1.00112  1.00011
11939  1.00012  1.00109  1.00011
11949  1.00012  1.00108  1.00011
11959  1.00013  1.0011  1.00011
11969  1.00013  1.00113  1.00011
11979  1.00013  1.00111  1.00012
11989  1.00013  1.00109  1.00013
11999  1.00014  1.0011  1.00013
12009  1.00014  1.00112  1.00012
12019  1.00014  1.00107  1.00012
12029  1.00014  1.00104  1.00012
12039  1.00012  1.00102  1.00013
12049  1.00011  1.00101  1.00014
12059  1.0001  1.00101  1.00016
12069  1.00009  1.001  1.00017
12079  1.00008  1.00099  1.00018
12089  1.00006  1.00097  1.00019
12099  1.00006  1.00095  1.00018
12109  1.00005  1.00094  1.00018
12119  1.00006  1.00093  1.00018
12129  1.00006  1.00096  1.00018
12139  1.00006  1.00098  1.00018
12149  1.00007  1.00094  1.00018
12159  1.00007  1.00094  1.00017
12169  1.00008  1.00095  1.00018
12179  1.00009  1.00093  1.0002
12189  1.00008  1.00091  1.00021
12199  1.0001  1.00089  1.00019
12209  1.0001  1.00088  1.00019
12219  1.0001  1.00089  1.00019
12229  1.0001  1.00089  1.00019
12239  1.00012  1.00089  1.00021
12249  1.00013  1.00092  1.00022
12259  1.00014  1.00094  1.00022
12269  1.00015  1.0009  1.00022
12279  1.00014  1.00083  1.00023
12289  1.00012  1.0008  1.00023
12299  1.00011  1.00079  1.00022
12309  1.00012  1.00079  1.00023
12319  1.00013  1.00081  1.00022
12329  1.00015  1.00082  1.00022
12339  1.00014  1.00082  1.00023
12349  1.00012  1.0008  1.00023
12359  1.00009  1.00077  1.00025
12369  1.00008  1.00075  1.00025
12379  1.00008  1.00072  1.00025
12389  1.00007  1.00072  1.00023
12399  1.00008  1.0007  1.00025
12409  1.00007  1.00067  1.00025
12419  1.00007  1.00067  1.00024
12429  1.00008  1.00068  1.00024
12439  1.00008  1.00066  1.00023
12449  1.00009  1.00065  1.00021
12459  1.00007  1.00066  1.00022
12469  1.00007  1.00066  1.00024
12479  1.00008  1.00066  1.00026
12489  1.00007  1.00065  1.00025
12499  1.00006  1.00068  1.00025
